Glacier areas in km2 between 1980 and 2021 for glaciers	in France, Italy and Austria																																									
GI_03	1980	1981	1982	1983	1984	1985	1986	1987	1988	1989	1990	1991	1992	1993	1994	1995	1996	1997	1998	1999	2000	2001	2002	2003	2004	2005	2006	2007	2008	2009	2010	2011	2012	2013	2014	2015	2016	2017	2018	2019	2020	2021
FR_01	0.046902433	0.046350067	0.0457977	0.045245333	0.044692967	0.0441406	0.043588233	0.043035867	0.0424835	0.041931133	0.041378767	0.0408264	0.040274033	0.039721667	0.0391693	0.038616933	0.038064567	0.0375122	0.036959833	0.036407467	0.0358551	0.035302733	0.034750367	0.034198	0.033645633	0.033093267	0.0325409	0.031988533	0.031436167	0.0308838	0.030331433	0.029779067	0.0292267	0.028674333	0.028121967	0.0275696	0.027017233	0.026464867	0.0259125	0.025360133	0.024807767	0.0242554
FR_02	0.54538625	0.5369355	0.52848475	0.520034	0.51158325	0.5031325	0.49468175	0.486231	0.47778025	0.4693295	0.46087875	0.452428	0.44397725	0.4355265	0.42707575	0.418625	0.41017425	0.4017235	0.39327275	0.384822	0.37637125	0.3679205	0.35946975	0.351019	0.34256825	0.3341175	0.32566675	0.317216	0.30876525	0.3003145	0.29186375	0.283413	0.27496225	0.2665115	0.25806075	0.24961	0.24115925	0.2327085	0.22425775	0.215807	0.20735625	0.1989055
FR_04	0.111372508	0.109187617	0.107002725	0.104817833	0.102632942	0.10044805	0.098263158	0.096078267	0.093893375	0.091708483	0.089523592	0.0873387	0.085153808	0.082968917	0.080784025	0.078599133	0.076414242	0.07422935	0.072044458	0.069859567	0.067674675	0.065489783	0.063304892	0.06112	0.058935108	0.056750217	0.054565325	0.052380433	0.050195542	0.04801065	0.045825758	0.043640867	0.041455975	0.039271083	0.037086192	0.0349013	0.032716408	0.030531517	0.028346625	0.026161733	0.023976842	0.02179195
FR_06	0.97264975	0.9617315	0.95081325	0.939895	0.92897675	0.9180585	0.90714025	0.896222	0.88530375	0.8743855	0.86346725	0.852549	0.84163075	0.8307125	0.81979425	0.808876	0.79795775	0.7870395	0.77612125	0.765203	0.75428475	0.7433665	0.73244825	0.72153	0.71061175	0.6996935	0.68877525	0.677857	0.66693875	0.6560205	0.64510225	0.634184	0.62326575	0.6123475	0.60142925	0.590511	0.57959275	0.5686745	0.55775625	0.546838	0.53591975	0.5250015
FR_07	0.086803983	0.086009767	0.08521555	0.084421333	0.083627117	0.0828329	0.082038683	0.081244467	0.08045025	0.079656033	0.078861817	0.0780676	0.077273383	0.076479167	0.07568495	0.074890733	0.074096517	0.0733023	0.072508083	0.071713867	0.07091965	0.070125433	0.069331217	0.068537	0.067742783	0.066948567	0.06615435	0.065360133	0.064565917	0.0637717	0.062977483	0.062183267	0.06138905	0.060594833	0.059800617	0.0590064	0.058212183	0.057417967	0.05662375	0.055829533	0.055035317	0.0542411
FR_08	0.850751833	0.835276667	0.8198015	0.804326333	0.788851167	0.773376	0.757900833	0.742425667	0.7269505	0.711475333	0.696000167	0.680525	0.665049833	0.649574667	0.6340995	0.618624333	0.603149167	0.587674	0.572198833	0.556723667	0.5412485	0.525773333	0.510298167	0.494823	0.479347833	0.463872667	0.4483975	0.432922333	0.417447167	0.401972	0.386496833	0.371021667	0.3555465	0.340071333	0.324596167	0.309121	0.293645833	0.278170667	0.2626955	0.247220333	0.231745167	0.21627
FR_09	0.242389	0.238464	0.234539	0.230614	0.226689	0.222764	0.218839	0.214914	0.210989	0.207064	0.203139	0.199214	0.195289	0.191364	0.187439	0.183514	0.179589	0.175664	0.171739	0.167814	0.163889	0.159964	0.156039	0.152114	0.148189	0.144264	0.140339	0.136414	0.132489	0.128564	0.124639	0.120714	0.116789	0.112864	0.108939	0.105014	0.101089	0.097164	0.093239	0.089314	0.085389	0.081464
FR_10	0.7802945	0.771934	0.7635735	0.755213	0.7468525	0.738492	0.7301315	0.721771	0.7134105	0.70505	0.6966895	0.688329	0.6799685	0.671608	0.6632475	0.654887	0.6465265	0.638166	0.6298055	0.621445	0.6130845	0.604724	0.5963635	0.588003	0.5796425	0.571282	0.5629215	0.554561	0.5462005	0.53784	0.5294795	0.521119	0.5127585	0.504398	0.4960375	0.487677	0.4793165	0.470956	0.4625955	0.454235	0.4458745	0.437514
FR_11	0.093171533	0.091951467	0.0907314	0.089511333	0.088291267	0.0870712	0.085851133	0.084631067	0.083411	0.082190933	0.080970867	0.0797508	0.078530733	0.077310667	0.0760906	0.074870533	0.073650467	0.0724304	0.071210333	0.069990267	0.0687702	0.067550133	0.066330067	0.06511	0.063889933	0.062669867	0.0614498	0.060229733	0.059009667	0.0577896	0.056569533	0.055349467	0.0541294	0.052909333	0.051689267	0.0504692	0.049249133	0.048029067	0.046809	0.045588933	0.044368867	0.0431488
FR_12	1.482935	1.4719	1.460865	1.44983	1.438795	1.42776	1.416725	1.40569	1.394655	1.38362	1.372585	1.36155	1.350515	1.33948	1.328445	1.31741	1.306375	1.29534	1.284305	1.27327	1.262235	1.2512	1.240165	1.22913	1.218095	1.20706	1.196025	1.18499	1.173955	1.16292	1.151885	1.14085	1.129815	1.11878	1.107745	1.09671	1.085675	1.07464	1.063605	1.05257	1.041535	1.0305
FR_13	0.233682125	0.22829625	0.222910375	0.2175245	0.212138625	0.20675275	0.201366875	0.195981	0.190595125	0.18520925	0.179823375	0.1744375	0.169051625	0.16366575	0.158279875	0.152894	0.147508125	0.14212225	0.136736375	0.1313505	0.125964625	0.12057875	0.115192875	0.109807	0.104421125	0.09903525	0.093649375	0.0882635	0.082877625	0.07749175	0.072105875	0.06672	0.061334125	0.05594825	0.050562375	0.0451765	0.039790625	0.03440475	0.029018875	0.023633	0.018247125	0.01286125
FR_14	0.085400658	0.084966717	0.084532775	0.084098833	0.083664892	0.08323095	0.082797008	0.082363067	0.081929125	0.081495183	0.081061242	0.0806273	0.080193358	0.079759417	0.079325475	0.078891533	0.078457592	0.07802365	0.077589708	0.077155767	0.076721825	0.076287883	0.075853942	0.07542	0.074986058	0.074552117	0.074118175	0.073684233	0.073250292	0.07281635	0.072382408	0.071948467	0.071514525	0.071080583	0.070646642	0.0702127	0.069778758	0.069344817	0.068910875	0.068476933	0.068042992	0.06760905
FR_15	0.080589458	0.078899917	0.077210375	0.075520833	0.073831292	0.07214175	0.070452208	0.068762667	0.067073125	0.065383583	0.063694042	0.0620045	0.060314958	0.058625417	0.056935875	0.055246333	0.053556792	0.05186725	0.050177708	0.048488167	0.046798625	0.045109083	0.043419542	0.04173	0.040040458	0.038350917	0.036661375	0.034971833	0.033282292	0.03159275	0.029903208	0.028213667	0.026524125	0.024834583	0.023145042	0.0214555	0.019765958	0.018076417	0.016386875	0.014697333	0.013007792	0.01131825
FR_16	0.1371	0.13601	0.13492	0.13383	0.13274	0.13165	0.13056	0.12947	0.12838	0.12729	0.1262	0.12511	0.12402	0.12293	0.12184	0.12075	0.11966	0.11857	0.11748	0.11639	0.1153	0.11421	0.11312	0.11203	0.11094	0.10985	0.10876	0.10767	0.10658	0.10549	0.1044	0.10331	0.10222	0.10113	0.10004	0.09895	0.09786	0.09677	0.09568	0.09459	0.0935	0.09241
FR_17	0.380703083	0.375528167	0.37035325	0.365178333	0.360003417	0.3548285	0.349653583	0.344478667	0.33930375	0.334128833	0.328953917	0.323779	0.318604083	0.313429167	0.30825425	0.303079333	0.297904417	0.2927295	0.287554583	0.282379667	0.27720475	0.272029833	0.266854917	0.26168	0.256505083	0.251330167	0.24615525	0.240980333	0.235805417	0.2306305	0.225455583	0.220280667	0.21510575	0.209930833	0.204755917	0.199581	0.194406083	0.189231167	0.18405625	0.178881333	0.173706417	0.1685315
FR_18	0.107055442	0.105248683	0.103441925	0.101635167	0.099828408	0.09802165	0.096214892	0.094408133	0.092601375	0.090794617	0.088987858	0.0871811	0.085374342	0.083567583	0.081760825	0.079954067	0.078147308	0.07634055	0.074533792	0.072727033	0.070920275	0.069113517	0.067306758	0.0655	0.063693242	0.061886483	0.060079725	0.058272967	0.056466208	0.05465945	0.052852692	0.051045933	0.049239175	0.047432417	0.045625658	0.0438189	0.042012142	0.040205383	0.038398625	0.036591867	0.034785108	0.03297835
FR_19	0.300514542	0.293526083	0.286537625	0.279549167	0.272560708	0.26557225	0.258583792	0.251595333	0.244606875	0.237618417	0.230629958	0.2236415	0.216653042	0.209664583	0.202676125	0.195687667	0.188699208	0.18171075	0.174722292	0.167733833	0.160745375	0.153756917	0.146768458	0.13978	0.132791542	0.125803083	0.118814625	0.111826167	0.104837708	0.09784925	0.090860792	0.083872333	0.076883875	0.069895417	0.062906958	0.0559185	0.048930042	0.041941583	0.034953125	0.027964667	0.020976208	0.01398775
FR_20	0.210926683	0.207548567	0.20417045	0.200792333	0.197414217	0.1940361	0.190657983	0.187279867	0.18390175	0.180523633	0.177145517	0.1737674	0.170389283	0.167011167	0.16363305	0.160254933	0.156876817	0.1534987	0.150120583	0.146742467	0.14336435	0.139986233	0.136608117	0.13323	0.129851883	0.126473767	0.12309565	0.119717533	0.116339417	0.1129613	0.109583183	0.106205067	0.10282695	0.099448833	0.096070717	0.0926926	0.089314483	0.085936367	0.08255825	0.079180133	0.075802017	0.0724239
FR_21	0.118890083	0.118376167	0.11786225	0.117348333	0.116834417	0.1163205	0.115806583	0.115292667	0.11477875	0.114264833	0.113750917	0.113237	0.112723083	0.112209167	0.11169525	0.111181333	0.110667417	0.1101535	0.109639583	0.109125667	0.10861175	0.108097833	0.107583917	0.10707	0.106556083	0.106042167	0.10552825	0.105014333	0.104500417	0.1039865	0.103472583	0.102958667	0.10244475	0.101930833	0.101416917	0.100903	0.100389083	0.099875167	0.09936125	0.098847333	0.098333417	0.0978195
FR_23	0.043130242	0.042820883	0.042511525	0.042202167	0.041892808	0.04158345	0.041274092	0.040964733	0.040655375	0.040346017	0.040036658	0.0397273	0.039417942	0.039108583	0.038799225	0.038489867	0.038180508	0.03787115	0.037561792	0.037252433	0.036943075	0.036633717	0.036324358	0.036015	0.035705642	0.035396283	0.035086925	0.034777567	0.034468208	0.03415885	0.033849492	0.033540133	0.033230775	0.032921417	0.032612058	0.0323027	0.031993342	0.031683983	0.031374625	0.031065267	0.030755908	0.03044655
FR_24	0.086766267	0.086046733	0.0853272	0.084607667	0.083888133	0.0831686	0.082449067	0.081729533	0.08101	0.080290467	0.079570933	0.0788514	0.078131867	0.077412333	0.0766928	0.075973267	0.075253733	0.0745342	0.073814667	0.073095133	0.0723756	0.071656067	0.070936533	0.070217	0.069497467	0.068777933	0.0680584	0.067338867	0.066619333	0.0658998	0.065180267	0.064460733	0.0637412	0.063021667	0.062302133	0.0615826	0.060863067	0.060143533	0.059424	0.058704467	0.057984933	0.0572654
FR_25	0.021507375	0.02123575	0.020964125	0.0206925	0.020420875	0.02014925	0.019877625	0.019606	0.019334375	0.01906275	0.018791125	0.0185195	0.018247875	0.01797625	0.017704625	0.017433	0.017161375	0.01688975	0.016618125	0.0163465	0.016074875	0.01580325	0.015531625	0.01526	0.014988375	0.01471675	0.014445125	0.0141735	0.013901875	0.01363025	0.013358625	0.013087	0.012815375	0.01254375	0.012272125	0.0120005	0.011728875	0.01145725	0.011185625	0.010914	0.010642375	0.01037075
FR_26	0.228715	0.225346	0.221977	0.218608	0.215239	0.21187	0.208501	0.205132	0.201763	0.198394	0.195025	0.191656	0.188287	0.184918	0.181549	0.17818	0.174811	0.171442	0.168073	0.164704	0.161335	0.157966	0.154597	0.151228	0.147859	0.14449	0.141121	0.137752	0.134383	0.131014	0.127645	0.124276	0.120907	0.117538	0.114169	0.1108	0.107431	0.104062	0.100693	0.097324	0.093955	0.090586
FR_27	0.065260225	0.06457065	0.063881075	0.0631915	0.062501925	0.06181235	0.061122775	0.0604332	0.059743625	0.05905405	0.058364475	0.0576749	0.056985325	0.05629575	0.055606175	0.0549166	0.054227025	0.05353745	0.052847875	0.0521583	0.051468725	0.05077915	0.050089575	0.0494	0.048710425	0.04802085	0.047331275	0.0466417	0.045952125	0.04526255	0.044572975	0.0438834	0.043193825	0.04250425	0.041814675	0.0411251	0.040435525	0.03974595	0.039056375	0.0383668	0.037677225	0.03698765
FR_28	0.700897333	0.700166667	0.699436	0.698705333	0.697974667	0.697244	0.696513333	0.695782667	0.695052	0.694321333	0.693590667	0.69286	0.692129333	0.691398667	0.690668	0.689937333	0.689206667	0.688476	0.687745333	0.687014667	0.686284	0.685553333	0.684822667	0.684092	0.683361333	0.682630667	0.6819	0.681169333	0.680438667	0.679708	0.678977333	0.678246667	0.677516	0.676785333	0.676054667	0.675324	0.674593333	0.673862667	0.673132	0.672401333	0.671670667	0.67094
FR_29	0.004990117	0.005436633	0.00588315	0.006329667	0.006776183	0.0072227	0.007669217	0.008115733	0.00856225	0.009008767	0.009455283	0.0099018	0.010348317	0.010794833	0.01124135	0.011687867	0.012134383	0.0125809	0.013027417	0.013473933	0.01392045	0.014366967	0.014813483	0.01526	0.015706517	0.016153033	0.01659955	0.017046067	0.017492583	0.0179391	0.018385617	0.018832133	0.01927865	0.019725167	0.020171683	0.0206182	0.021064717	0.021511233	0.02195775	0.022404267	0.022850783	0.0232973
FR_30	0.877875417	0.867836833	0.85779825	0.847759667	0.837721083	0.8276825	0.817643917	0.807605333	0.79756675	0.787528167	0.777489583	0.767451	0.757412417	0.747373833	0.73733525	0.727296667	0.717258083	0.7072195	0.697180917	0.687142333	0.67710375	0.667065167	0.657026583	0.646988	0.636949417	0.626910833	0.61687225	0.606833667	0.596795083	0.5867565	0.576717917	0.566679333	0.55664075	0.546602167	0.536563583	0.526525	0.516486417	0.506447833	0.49640925	0.486370667	0.476332083	0.4662935
FR_31	0.4586113	0.4566362	0.4546611	0.452686	0.4507109	0.4487358	0.4467607	0.4447856	0.4428105	0.4408354	0.4388603	0.4368852	0.4349101	0.432935	0.4309599	0.4289848	0.4270097	0.4250346	0.4230595	0.4210844	0.4191093	0.4171342	0.4151591	0.413184	0.4112089	0.4092338	0.4072587	0.4052836	0.4033085	0.4013334	0.3993583	0.3973832	0.3954081	0.393433	0.3914579	0.3894828	0.3875077	0.3855326	0.3835575	0.3815824	0.3796073	0.3776322
FR_32	0.0714399	0.0704866	0.0695333	0.06858	0.0676267	0.0666734	0.0657201	0.0647668	0.0638135	0.0628602	0.0619069	0.0609536	0.0600003	0.059047	0.0580937	0.0571404	0.0561871	0.0552338	0.0542805	0.0533272	0.0523739	0.0514206	0.0504673	0.049514	0.0485607	0.0476074	0.0466541	0.0457008	0.0447475	0.0437942	0.0428409	0.0418876	0.0409343	0.039981	0.0390277	0.0380744	0.0371211	0.0361678	0.0352145	0.0342612	0.0333079	0.0323546
FR_34	0.516738333	0.512486667	0.508235	0.503983333	0.499731667	0.49548	0.491228333	0.486976667	0.482725	0.478473333	0.474221667	0.46997	0.465718333	0.461466667	0.457215	0.452963333	0.448711667	0.44446	0.440208333	0.435956667	0.431705	0.427453333	0.423201667	0.41895	0.414698333	0.410446667	0.406195	0.401943333	0.397691667	0.39344	0.389188333	0.384936667	0.380685	0.376433333	0.372181667	0.36793	0.363678333	0.359426667	0.355175	0.350923333	0.346671667	0.34242
FR_35	0.265043167	0.261385333	0.2577275	0.254069667	0.250411833	0.246754	0.243096167	0.239438333	0.2357805	0.232122667	0.228464833	0.224807	0.221149167	0.217491333	0.2138335	0.210175667	0.206517833	0.20286	0.199202167	0.195544333	0.1918865	0.188228667	0.184570833	0.180913	0.177255167	0.173597333	0.1699395	0.166281667	0.162623833	0.158966	0.155308167	0.151650333	0.1479925	0.144334667	0.140676833	0.137019	0.133361167	0.129703333	0.1260455	0.122387667	0.118729833	0.115072
FR_36	0.503071167	0.499516333	0.4959615	0.492406667	0.488851833	0.485297	0.481742167	0.478187333	0.4746325	0.471077667	0.467522833	0.463968	0.460413167	0.456858333	0.4533035	0.449748667	0.446193833	0.442639	0.439084167	0.435529333	0.4319745	0.428419667	0.424864833	0.42131	0.417755167	0.414200333	0.4106455	0.407090667	0.403535833	0.399981	0.396426167	0.392871333	0.3893165	0.385761667	0.382206833	0.378652	0.375097167	0.371542333	0.3679875	0.364432667	0.360877833	0.357323
FR_37	0.07063025	0.0699075	0.06918475	0.068462	0.06773925	0.0670165	0.06629375	0.065571	0.06484825	0.0641255	0.06340275	0.06268	0.06195725	0.0612345	0.06051175	0.059789	0.05906625	0.0583435	0.05762075	0.056898	0.05617525	0.0554525	0.05472975	0.054007	0.05328425	0.0525615	0.05183875	0.051116	0.05039325	0.0496705	0.04894775	0.048225	0.04750225	0.0467795	0.04605675	0.045334	0.04461125	0.0438885	0.04316575	0.042443	0.04172025	0.0409975
FR_38	0.069843742	0.068254883	0.066666025	0.065077167	0.063488308	0.06189945	0.060310592	0.058721733	0.057132875	0.055544017	0.053955158	0.0523663	0.050777442	0.049188583	0.047599725	0.046010867	0.044422008	0.04283315	0.041244292	0.039655433	0.038066575	0.036477717	0.034888858	0.0333	0.031711142	0.030122283	0.028533425	0.026944567	0.025355708	0.02376685	0.022177992	0.020589133	0.019000275	0.017411417	0.015822558	0.0142337	0.012644842	0.011055983	0.009467125	0.007878267	0.006289408	0.00470055
FR_39	0.506447417	0.501022833	0.49559825	0.490173667	0.484749083	0.4793245	0.473899917	0.468475333	0.46305075	0.457626167	0.452201583	0.446777	0.441352417	0.435927833	0.43050325	0.425078667	0.419654083	0.4142295	0.408804917	0.403380333	0.39795575	0.392531167	0.387106583	0.381682	0.376257417	0.370832833	0.36540825	0.359983667	0.354559083	0.3491345	0.343709917	0.338285333	0.33286075	0.327436167	0.322011583	0.316587	0.311162417	0.305737833	0.30031325	0.294888667	0.289464083	0.2840395
FR_40	0.205198417	0.202322833	0.19944725	0.196571667	0.193696083	0.1908205	0.187944917	0.185069333	0.18219375	0.179318167	0.176442583	0.173567	0.170691417	0.167815833	0.16494025	0.162064667	0.159189083	0.1563135	0.153437917	0.150562333	0.14768675	0.144811167	0.141935583	0.13906	0.136184417	0.133308833	0.13043325	0.127557667	0.124682083	0.1218065	0.118930917	0.116055333	0.11317975	0.110304167	0.107428583	0.104553	0.101677417	0.098801833	0.09592625	0.093050667	0.090175083	0.0872995
FR_41	0.736264	0.73157	0.726876	0.722182	0.717488	0.712794	0.7081	0.703406	0.698712	0.694018	0.689324	0.68463	0.679936	0.675242	0.670548	0.665854	0.66116	0.656466	0.651772	0.647078	0.642384	0.63769	0.632996	0.628302	0.623608	0.618914	0.61422	0.609526	0.604832	0.600138	0.595444	0.59075	0.586056	0.581362	0.576668	0.571974	0.56728	0.562586	0.557892	0.553198	0.548504	0.54381
FR_43	0.294916333	0.289423667	0.283931	0.278438333	0.272945667	0.267453	0.261960333	0.256467667	0.250975	0.245482333	0.239989667	0.234497	0.229004333	0.223511667	0.218019	0.212526333	0.207033667	0.201541	0.196048333	0.190555667	0.185063	0.179570333	0.174077667	0.168585	0.163092333	0.157599667	0.152107	0.146614333	0.141121667	0.135629	0.130136333	0.124643667	0.119151	0.113658333	0.108165667	0.102673	0.097180333	0.091687667	0.086195	0.080702333	0.075209667	0.069717
FR_44	0.372970417	0.371626833	0.37028325	0.368939667	0.367596083	0.3662525	0.364908917	0.363565333	0.36222175	0.360878167	0.359534583	0.358191	0.356847417	0.355503833	0.35416025	0.352816667	0.351473083	0.3501295	0.348785917	0.347442333	0.34609875	0.344755167	0.343411583	0.342068	0.340724417	0.339380833	0.33803725	0.336693667	0.335350083	0.3340065	0.332662917	0.331319333	0.32997575	0.328632167	0.327288583	0.325945	0.324601417	0.323257833	0.32191425	0.320570667	0.319227083	0.3178835
FR_45	10.13355917	10.03395833	9.9343575	9.834756667	9.735155833	9.635555	9.535954167	9.436353333	9.3367525	9.237151667	9.137550833	9.03795	8.938349167	8.838748333	8.7391475	8.639546667	8.539945833	8.440345	8.340744167	8.241143333	8.1415425	8.041941667	7.942340833	7.84274	7.743139167	7.643538333	7.5439375	7.444336667	7.344735833	7.245135	7.145534167	7.045933333	6.9463325	6.846731667	6.747130833	6.64753	6.547929167	6.448328333	6.3487275	6.249126667	6.149525833	6.049925
FR_46	0.062955242	0.062370883	0.061786525	0.061202167	0.060617808	0.06003345	0.059449092	0.058864733	0.058280375	0.057696017	0.057111658	0.0565273	0.055942942	0.055358583	0.054774225	0.054189867	0.053605508	0.05302115	0.052436792	0.051852433	0.051268075	0.050683717	0.050099358	0.049515	0.048930642	0.048346283	0.047761925	0.047177567	0.046593208	0.04600885	0.045424492	0.044840133	0.044255775	0.043671417	0.043087058	0.0425027	0.041918342	0.041333983	0.040749625	0.040165267	0.039580908	0.03899655
FR_47	0.169763833	0.167509667	0.1652555	0.163001333	0.160747167	0.158493	0.156238833	0.153984667	0.1517305	0.149476333	0.147222167	0.144968	0.142713833	0.140459667	0.1382055	0.135951333	0.133697167	0.131443	0.129188833	0.126934667	0.1246805	0.122426333	0.120172167	0.117918	0.115663833	0.113409667	0.1111555	0.108901333	0.106647167	0.104393	0.102138833	0.099884667	0.0976305	0.095376333	0.093122167	0.090868	0.088613833	0.086359667	0.0841055	0.081851333	0.079597167	0.077343
FR_48	0.05937235	0.0579979	0.05662345	0.055249	0.05387455	0.0525001	0.05112565	0.0497512	0.04837675	0.0470023	0.04562785	0.0442534	0.04287895	0.0415045	0.04013005	0.0387556	0.03738115	0.0360067	0.03463225	0.0332578	0.03188335	0.0305089	0.02913445	0.02776	0.02638555	0.0250111	0.02363665	0.0222622	0.02088775	0.0195133	0.01813885	0.0167644	0.01538995	0.0140155	0.01264105	0.0112666	0.00989215	0.0085177	0.00714325	0.0057688	0.00439435	0.0030199
FR_49	0.094196617	0.092253633	0.09031065	0.088367667	0.086424683	0.0844817	0.082538717	0.080595733	0.07865275	0.076709767	0.074766783	0.0728238	0.070880817	0.068937833	0.06699485	0.065051867	0.063108883	0.0611659	0.059222917	0.057279933	0.05533695	0.053393967	0.051450983	0.049508	0.047565017	0.045622033	0.04367905	0.041736067	0.039793083	0.0378501	0.035907117	0.033964133	0.03202115	0.030078167	0.028135183	0.0261922	0.024249217	0.022306233	0.02036325	0.018420267	0.016477283	0.0145343
FR_50	0.017500692	0.017366183	0.017231675	0.017097167	0.016962658	0.01682815	0.016693642	0.016559133	0.016424625	0.016290117	0.016155608	0.0160211	0.015886592	0.015752083	0.015617575	0.015483067	0.015348558	0.01521405	0.015079542	0.014945033	0.014810525	0.014676017	0.014541508	0.014407	0.014272492	0.014137983	0.014003475	0.013868967	0.013734458	0.01359995	0.013465442	0.013330933	0.013196425	0.013061917	0.012927408	0.0127929	0.012658392	0.012523883	0.012389375	0.012254867	0.012120358	0.01198585
FR_51	0.1815736	0.1791974	0.1768212	0.174445	0.1720688	0.1696926	0.1673164	0.1649402	0.162564	0.1601878	0.1578116	0.1554354	0.1530592	0.150683	0.1483068	0.1459306	0.1435544	0.1411782	0.138802	0.1364258	0.1340496	0.1316734	0.1292972	0.126921	0.1245448	0.1221686	0.1197924	0.1174162	0.11504	0.1126638	0.1102876	0.1079114	0.1055352	0.103159	0.1007828	0.0984066	0.0960304	0.0936542	0.091278	0.0889018	0.0865256	0.0841494
FR_52	0.123361617	0.122420633	0.12147965	0.120538667	0.119597683	0.1186567	0.117715717	0.116774733	0.11583375	0.114892767	0.113951783	0.1130108	0.112069817	0.111128833	0.11018785	0.109246867	0.108305883	0.1073649	0.106423917	0.105482933	0.10454195	0.103600967	0.102659983	0.101719	0.100778017	0.099837033	0.09889605	0.097955067	0.097014083	0.0960731	0.095132117	0.094191133	0.09325015	0.092309167	0.091368183	0.0904272	0.089486217	0.088545233	0.08760425	0.086663267	0.085722283	0.0847813
FR_53	0.154034567	0.151173933	0.1483133	0.145452667	0.142592033	0.1397314	0.136870767	0.134010133	0.1311495	0.128288867	0.125428233	0.1225676	0.119706967	0.116846333	0.1139857	0.111125067	0.108264433	0.1054038	0.102543167	0.099682533	0.0968219	0.093961267	0.091100633	0.08824	0.085379367	0.082518733	0.0796581	0.076797467	0.073936833	0.0710762	0.068215567	0.065354933	0.0624943	0.059633667	0.056773033	0.0539124	0.051051767	0.048191133	0.0453305	0.042469867	0.039609233	0.0367486
FR_54	0.057355417	0.057248833	0.05714225	0.057035667	0.056929083	0.0568225	0.056715917	0.056609333	0.05650275	0.056396167	0.056289583	0.056183	0.056076417	0.055969833	0.05586325	0.055756667	0.055650083	0.0555435	0.055436917	0.055330333	0.05522375	0.055117167	0.055010583	0.054904	0.054797417	0.054690833	0.05458425	0.054477667	0.054371083	0.0542645	0.054157917	0.054051333	0.05394475	0.053838167	0.053731583	0.053625	0.053518417	0.053411833	0.05330525	0.053198667	0.053092083	0.0529855
FR_55	9.061726583	8.999877167	8.93802775	8.876178333	8.814328917	8.7524795	8.690630083	8.628780667	8.56693125	8.505081833	8.443232417	8.381383	8.319533583	8.257684167	8.19583475	8.133985333	8.072135917	8.0102865	7.948437083	7.886587667	7.82473825	7.762888833	7.701039417	7.63919	7.577340583	7.515491167	7.45364175	7.391792333	7.329942917	7.2680935	7.206244083	7.144394667	7.08254525	7.020695833	6.958846417	6.896997	6.835147583	6.773298167	6.71144875	6.649599333	6.587749917	6.5259005
FR_57	0.64666175	0.6311865	0.61571125	0.600236	0.58476075	0.5692855	0.55381025	0.538335	0.52285975	0.5073845	0.49190925	0.476434	0.46095875	0.4454835	0.43000825	0.414533	0.39905775	0.3835825	0.36810725	0.352632	0.33715675	0.3216815	0.30620625	0.290731	0.27525575	0.2597805	0.24430525	0.22883	0.21335475	0.1978795	0.18240425	0.166929	0.15145375	0.1359785	0.12050325	0.105028	0.08955275	0.0740775	0.05860225	0.043127	0.02765175	0.0121765
FR_58	0.049219717	0.048601033	0.04798235	0.047363667	0.046744983	0.0461263	0.045507617	0.044888933	0.04427025	0.043651567	0.043032883	0.0424142	0.041795517	0.041176833	0.04055815	0.039939467	0.039320783	0.0387021	0.038083417	0.037464733	0.03684605	0.036227367	0.035608683	0.03499	0.034371317	0.033752633	0.03313395	0.032515267	0.031896583	0.0312779	0.030659217	0.030040533	0.02942185	0.028803167	0.028184483	0.0275658	0.026947117	0.026328433	0.02570975	0.025091067	0.024472383	0.0238537
FR_59	0.059337083	0.057964167	0.05659125	0.055218333	0.053845417	0.0524725	0.051099583	0.049726667	0.04835375	0.046980833	0.045607917	0.044235	0.042862083	0.041489167	0.04011625	0.038743333	0.037370417	0.0359975	0.034624583	0.033251667	0.03187875	0.030505833	0.029132917	0.02776	0.026387083	0.025014167	0.02364125	0.022268333	0.020895417	0.0195225	0.018149583	0.016776667	0.01540375	0.014030833	0.012657917	0.011285	0.009912083	0.008539167	0.00716625	0.005793333	0.004420417	0.0030475
FR_60	0.306106492	0.299118383	0.292130275	0.285142167	0.278154058	0.27116595	0.264177842	0.257189733	0.250201625	0.243213517	0.236225408	0.2292373	0.222249192	0.215261083	0.208272975	0.201284867	0.194296758	0.18730865	0.180320542	0.173332433	0.166344325	0.159356217	0.152368108	0.14538	0.138391892	0.131403783	0.124415675	0.117427567	0.110439458	0.10345135	0.096463242	0.089475133	0.082487025	0.075498917	0.068510808	0.0615227	0.054534592	0.047546483	0.040558375	0.033570267	0.026582158	0.01959405
FR_62	1.771009067	1.737676933	1.7043448	1.671012667	1.637680533	1.6043484	1.571016267	1.537684133	1.504352	1.471019867	1.437687733	1.4043556	1.371023467	1.337691333	1.3043592	1.271027067	1.237694933	1.2043628	1.171030667	1.137698533	1.1043664	1.071034267	1.037702133	1.00437	0.971037867	0.937705733	0.9043736	0.871041467	0.837709333	0.8043772	0.771045067	0.737712933	0.7043808	0.671048667	0.637716533	0.6043844	0.571052267	0.537720133	0.504388	0.471055867	0.437723733	0.4043916
FR_66	1.154341167	1.131755333	1.1091695	1.086583667	1.063997833	1.041412	1.018826167	0.996240333	0.9736545	0.951068667	0.928482833	0.905897	0.883311167	0.860725333	0.8381395	0.815553667	0.792967833	0.770382	0.747796167	0.725210333	0.7026245	0.680038667	0.657452833	0.634867	0.612281167	0.589695333	0.5671095	0.544523667	0.521937833	0.499352	0.476766167	0.454180333	0.4315945	0.409008667	0.386422833	0.363837	0.341251167	0.318665333	0.2960795	0.273493667	0.250907833	0.228322
FR_67	9.484248075	9.42377655	9.363305025	9.3028335	9.242361975	9.18189045	9.121418925	9.0609474	9.000475875	8.94000435	8.879532825	8.8190613	8.758589775	8.69811825	8.637646725	8.5771752	8.516703675	8.45623215	8.395760625	8.3352891	8.274817575	8.21434605	8.153874525	8.093403	8.032931475	7.97245995	7.911988425	7.8515169	7.791045375	7.73057385	7.670102325	7.6096308	7.549159275	7.48868775	7.428216225	7.3677447	7.307273175	7.24680165	7.186330125	7.1258586	7.065387075	7.00491555
FR_68	5.06322125	5.0258215	4.98842175	4.951022	4.91362225	4.8762225	4.83882275	4.801423	4.76402325	4.7266235	4.68922375	4.651824	4.61442425	4.5770245	4.53962475	4.502225	4.46482525	4.4274255	4.39002575	4.352626	4.31522625	4.2778265	4.24042675	4.203027	4.16562725	4.1282275	4.09082775	4.053428	4.01602825	3.9786285	3.94122875	3.903829	3.86642925	3.8290295	3.79162975	3.75423	3.71683025	3.6794305	3.64203075	3.604631	3.56723125	3.5298315
FR_69	0.372371833	0.370057667	0.3677435	0.365429333	0.363115167	0.360801	0.358486833	0.356172667	0.3538585	0.351544333	0.349230167	0.346916	0.344601833	0.342287667	0.3399735	0.337659333	0.335345167	0.333031	0.330716833	0.328402667	0.3260885	0.323774333	0.321460167	0.319146	0.316831833	0.314517667	0.3122035	0.309889333	0.307575167	0.305261	0.302946833	0.300632667	0.2983185	0.296004333	0.293690167	0.291376	0.289061833	0.286747667	0.2844335	0.282119333	0.279805167	0.277491
FR_70	0.976879333	0.960371667	0.943864	0.927356333	0.910848667	0.894341	0.877833333	0.861325667	0.844818	0.828310333	0.811802667	0.795295	0.778787333	0.762279667	0.745772	0.729264333	0.712756667	0.696249	0.679741333	0.663233667	0.646726	0.630218333	0.613710667	0.597203	0.580695333	0.564187667	0.54768	0.531172333	0.514664667	0.498157	0.481649333	0.465141667	0.448634	0.432126333	0.415618667	0.399111	0.382603333	0.366095667	0.349588	0.333080333	0.316572667	0.300065
FR_71	35.68375142	35.48780483	35.29185825	35.09591167	34.89996508	34.7040185	34.50807192	34.31212533	34.11617875	33.92023217	33.72428558	33.528339	33.33239242	33.13644583	32.94049925	32.74455267	32.54860608	32.3526595	32.15671292	31.96076633	31.76481975	31.56887317	31.37292658	31.17698	30.98103342	30.78508683	30.58914025	30.39319367	30.19724708	30.0013005	29.80535392	29.60940733	29.41346075	29.21751417	29.02156758	28.825621	28.62967442	28.43372783	28.23778125	28.04183467	27.84588808	27.6499415
FR_72	3.850734167	3.831916333	3.8130985	3.794280667	3.775462833	3.756645	3.737827167	3.719009333	3.7001915	3.681373667	3.662555833	3.643738	3.624920167	3.606102333	3.5872845	3.568466667	3.549648833	3.530831	3.512013167	3.493195333	3.4743775	3.455559667	3.436741833	3.417924	3.399106167	3.380288333	3.3614705	3.342652667	3.323834833	3.305017	3.286199167	3.267381333	3.2485635	3.229745667	3.210927833	3.19211	3.173292167	3.154474333	3.1356565	3.116838667	3.098020833	3.079203
FR_73	13.49465833	13.44175667	13.388855	13.33595333	13.28305167	13.23015	13.17724833	13.12434667	13.071445	13.01854333	12.96564167	12.91274	12.85983833	12.80693667	12.754035	12.70113333	12.64823167	12.59533	12.54242833	12.48952667	12.436625	12.38372333	12.33082167	12.27792	12.22501833	12.17211667	12.119215	12.06631333	12.01341167	11.96051	11.90760833	11.85470667	11.801805	11.74890333	11.69600167	11.6431	11.59019833	11.53729667	11.484395	11.43149333	11.37859167	11.32569
FR_74	0.097646175	0.09601895	0.094391725	0.0927645	0.091137275	0.08951005	0.087882825	0.0862556	0.084628375	0.08300115	0.081373925	0.0797467	0.078119475	0.07649225	0.074865025	0.0732378	0.071610575	0.06998335	0.068356125	0.0667289	0.065101675	0.06347445	0.061847225	0.06022	0.058592775	0.05696555	0.055338325	0.0537111	0.052083875	0.05045665	0.048829425	0.0472022	0.045574975	0.04394775	0.042320525	0.0406933	0.039066075	0.03743885	0.035811625	0.0341844	0.032557175	0.03092995
FR_75	1.074582833	1.064730667	1.0548785	1.045026333	1.035174167	1.025322	1.015469833	1.005617667	0.9957655	0.985913333	0.976061167	0.966209	0.956356833	0.946504667	0.9366525	0.926800333	0.916948167	0.907096	0.897243833	0.887391667	0.8775395	0.867687333	0.857835167	0.847983	0.838130833	0.828278667	0.8184265	0.808574333	0.798722167	0.78887	0.779017833	0.769165667	0.7593135	0.749461333	0.739609167	0.729757	0.719904833	0.710052667	0.7002005	0.690348333	0.680496167	0.670644
FR_76	14.29720083	14.23878167	14.1803625	14.12194333	14.06352417	14.005105	13.94668583	13.88826667	13.8298475	13.77142833	13.71300917	13.65459	13.59617083	13.53775167	13.4793325	13.42091333	13.36249417	13.304075	13.24565583	13.18723667	13.1288175	13.07039833	13.01197917	12.95356	12.89514083	12.83672167	12.7783025	12.71988333	12.66146417	12.603045	12.54462583	12.48620667	12.4277875	12.36936833	12.31094917	12.25253	12.19411083	12.13569167	12.0772725	12.01885333	11.96043417	11.902015
FR_77	0.040832917	0.040818833	0.04080475	0.040790667	0.040776583	0.0407625	0.040748417	0.040734333	0.04072025	0.040706167	0.040692083	0.040678	0.040663917	0.040649833	0.04063575	0.040621667	0.040607583	0.0405935	0.040579417	0.040565333	0.04055125	0.040537167	0.040523083	0.040509	0.040494917	0.040480833	0.04046675	0.040452667	0.040438583	0.0404245	0.040410417	0.040396333	0.04038225	0.040368167	0.040354083	0.04034	0.040325917	0.040311833	0.04029775	0.040283667	0.040269583	0.0402555
FR_78	0.043386667	0.042909333	0.042432	0.041954667	0.041477333	0.041	0.040522667	0.040045333	0.039568	0.039090667	0.038613333	0.038136	0.037658667	0.037181333	0.036704	0.036226667	0.035749333	0.035272	0.034794667	0.034317333	0.03384	0.033362667	0.032885333	0.032408	0.031930667	0.031453333	0.030976	0.030498667	0.030021333	0.029544	0.029066667	0.028589333	0.028112	0.027634667	0.027157333	0.02668	0.026202667	0.025725333	0.025248	0.024770667	0.024293333	0.023816
IT_01	0.123169942	0.120641683	0.118113425	0.115585167	0.113056908	0.11052865	0.108000392	0.105472133	0.102943875	0.100415617	0.097887358	0.0953591	0.092830842	0.090302583	0.087774325	0.085246067	0.082717808	0.08018955	0.077661292	0.075133033	0.072604775	0.070076517	0.067548258	0.06502	0.062491742	0.059963483	0.057435225	0.054906967	0.052378708	0.04985045	0.047322192	0.044793933	0.042265675	0.039737417	0.037209158	0.0346809	0.032152642	0.029624383	0.027096125	0.024567867	0.022039608	0.01951135
IT_02	0.087308183	0.087259567	0.08721095	0.087162333	0.087113717	0.0870651	0.087016483	0.086967867	0.08691925	0.086870633	0.086822017	0.0867734	0.086724783	0.086676167	0.08662755	0.086578933	0.086530317	0.0864817	0.086433083	0.086384467	0.08633585	0.086287233	0.086238617	0.08619	0.086141383	0.086092767	0.08604415	0.085995533	0.085946917	0.0858983	0.085849683	0.085801067	0.08575245	0.085703833	0.085655217	0.0856066	0.085557983	0.085509367	0.08546075	0.085412133	0.085363517	0.0853149
IT_04	0.044824808	0.044128817	0.043432825	0.042736833	0.042040842	0.04134485	0.040648858	0.039952867	0.039256875	0.038560883	0.037864892	0.0371689	0.036472908	0.035776917	0.035080925	0.034384933	0.033688942	0.03299295	0.032296958	0.031600967	0.030904975	0.030208983	0.029512992	0.028817	0.028121008	0.027425017	0.026729025	0.026033033	0.025337042	0.02464105	0.023945058	0.023249067	0.022553075	0.021857083	0.021161092	0.0204651	0.019769108	0.019073117	0.018377125	0.017681133	0.016985142	0.01628915
IT_06	0.3187805	0.311477	0.3041735	0.29687	0.2895665	0.282263	0.2749595	0.267656	0.2603525	0.253049	0.2457455	0.238442	0.2311385	0.223835	0.2165315	0.209228	0.2019245	0.194621	0.1873175	0.180014	0.1727105	0.165407	0.1581035	0.1508	0.1434965	0.136193	0.1288895	0.121586	0.1142825	0.106979	0.0996755	0.092372	0.0850685	0.077765	0.0704615	0.063158	0.0558545	0.048551	0.0412475	0.033944	0.0266405	0.019337
IT_07	0.621243583	0.618078167	0.61491275	0.611747333	0.608581917	0.6054165	0.602251083	0.599085667	0.59592025	0.592754833	0.589589417	0.586424	0.583258583	0.580093167	0.57692775	0.573762333	0.570596917	0.5674315	0.564266083	0.561100667	0.55793525	0.554769833	0.551604417	0.548439	0.545273583	0.542108167	0.53894275	0.535777333	0.532611917	0.5294465	0.526281083	0.523115667	0.51995025	0.516784833	0.513619417	0.510454	0.507288583	0.504123167	0.50095775	0.497792333	0.494626917	0.4914615
IT_08	0.659340583	0.650094167	0.64084775	0.631601333	0.622354917	0.6131085	0.603862083	0.594615667	0.58536925	0.576122833	0.566876417	0.55763	0.548383583	0.539137167	0.52989075	0.520644333	0.511397917	0.5021515	0.492905083	0.483658667	0.47441225	0.465165833	0.455919417	0.446673	0.437426583	0.428180167	0.41893375	0.409687333	0.400440917	0.3911945	0.381948083	0.372701667	0.36345525	0.354208833	0.344962417	0.335716	0.326469583	0.317223167	0.30797675	0.298730333	0.289483917	0.2802375
IT_09	0.064449933	0.063579067	0.0627082	0.061837333	0.060966467	0.0600956	0.059224733	0.058353867	0.057483	0.056612133	0.055741267	0.0548704	0.053999533	0.053128667	0.0522578	0.051386933	0.050516067	0.0496452	0.048774333	0.047903467	0.0470326	0.046161733	0.045290867	0.04442	0.043549133	0.042678267	0.0418074	0.040936533	0.040065667	0.0391948	0.038323933	0.037453067	0.0365822	0.035711333	0.034840467	0.0339696	0.033098733	0.032227867	0.031357	0.030486133	0.029615267	0.0287444
IT_10	0.081521242	0.080059883	0.078598525	0.077137167	0.075675808	0.07421445	0.072753092	0.071291733	0.069830375	0.068369017	0.066907658	0.0654463	0.063984942	0.062523583	0.061062225	0.059600867	0.058139508	0.05667815	0.055216792	0.053755433	0.052294075	0.050832717	0.049371358	0.04791	0.046448642	0.044987283	0.043525925	0.042064567	0.040603208	0.03914185	0.037680492	0.036219133	0.034757775	0.033296417	0.031835058	0.0303737	0.028912342	0.027450983	0.025989625	0.024528267	0.023066908	0.02160555
IT_11	0.070511692	0.070261183	0.070010675	0.069760167	0.069509658	0.06925915	0.069008642	0.068758133	0.068507625	0.068257117	0.068006608	0.0677561	0.067505592	0.067255083	0.067004575	0.066754067	0.066503558	0.06625305	0.066002542	0.065752033	0.065501525	0.065251017	0.065000508	0.06475	0.064499492	0.064248983	0.063998475	0.063747967	0.063497458	0.06324695	0.062996442	0.062745933	0.062495425	0.062244917	0.061994408	0.0617439	0.061493392	0.061242883	0.060992375	0.060741867	0.060491358	0.06024085
IT_12	0.634153167	0.629878333	0.6256035	0.621328667	0.617053833	0.612779	0.608504167	0.604229333	0.5999545	0.595679667	0.591404833	0.58713	0.582855167	0.578580333	0.5743055	0.570030667	0.565755833	0.561481	0.557206167	0.552931333	0.5486565	0.544381667	0.540106833	0.535832	0.531557167	0.527282333	0.5230075	0.518732667	0.514457833	0.510183	0.505908167	0.501633333	0.4973585	0.493083667	0.488808833	0.484534	0.480259167	0.475984333	0.4717095	0.467434667	0.463159833	0.458885
IT_13	0.247285917	0.243582833	0.23987975	0.236176667	0.232473583	0.2287705	0.225067417	0.221364333	0.21766125	0.213958167	0.210255083	0.206552	0.202848917	0.199145833	0.19544275	0.191739667	0.188036583	0.1843335	0.180630417	0.176927333	0.17322425	0.169521167	0.165818083	0.162115	0.158411917	0.154708833	0.15100575	0.147302667	0.143599583	0.1398965	0.136193417	0.132490333	0.12878725	0.125084167	0.121381083	0.117678	0.113974917	0.110271833	0.10656875	0.102865667	0.099162583	0.0954595
IT_14	0.051197225	0.05026365	0.049330075	0.0483965	0.047462925	0.04652935	0.045595775	0.0446622	0.043728625	0.04279505	0.041861475	0.0409279	0.039994325	0.03906075	0.038127175	0.0371936	0.036260025	0.03532645	0.034392875	0.0334593	0.032525725	0.03159215	0.030658575	0.029725	0.028791425	0.02785785	0.026924275	0.0259907	0.025057125	0.02412355	0.023189975	0.0222564	0.021322825	0.02038925	0.019455675	0.0185221	0.017588525	0.01665495	0.015721375	0.0147878	0.013854225	0.01292065
IT_15	0.297237917	0.292576833	0.28791575	0.283254667	0.278593583	0.2739325	0.269271417	0.264610333	0.25994925	0.255288167	0.250627083	0.245966	0.241304917	0.236643833	0.23198275	0.227321667	0.222660583	0.2179995	0.213338417	0.208677333	0.20401625	0.199355167	0.194694083	0.190033	0.185371917	0.180710833	0.17604975	0.171388667	0.166727583	0.1620665	0.157405417	0.152744333	0.14808325	0.143422167	0.138761083	0.1341	0.129438917	0.124777833	0.12011675	0.115455667	0.110794583	0.1061335
IT_16	0.25033505	0.2452377	0.24014035	0.235043	0.22994565	0.2248483	0.21975095	0.2146536	0.20955625	0.2044589	0.19936155	0.1942642	0.18916685	0.1840695	0.17897215	0.1738748	0.16877745	0.1636801	0.15858275	0.1534854	0.14838805	0.1432907	0.13819335	0.133096	0.12799865	0.1229013	0.11780395	0.1127066	0.10760925	0.1025119	0.09741455	0.0923172	0.08721985	0.0821225	0.07702515	0.0719278	0.06683045	0.0617331	0.05663575	0.0515384	0.04644105	0.0413437
IT_17	0.041296742	0.040686883	0.040077025	0.039467167	0.038857308	0.03824745	0.037637592	0.037027733	0.036417875	0.035808017	0.035198158	0.0345883	0.033978442	0.033368583	0.032758725	0.032148867	0.031539008	0.03092915	0.030319292	0.029709433	0.029099575	0.028489717	0.027879858	0.02727	0.026660142	0.026050283	0.025440425	0.024830567	0.024220708	0.02361085	0.023000992	0.022391133	0.021781275	0.021171417	0.020561558	0.0199517	0.019341842	0.018731983	0.018122125	0.017512267	0.016902408	0.01629255
IT_19	0.0157096	0.0156924	0.0156752	0.015658	0.0156408	0.0156236	0.0156064	0.0155892	0.015572	0.0155548	0.0155376	0.0155204	0.0155032	0.015486	0.0154688	0.0154516	0.0154344	0.0154172	0.0154	0.0153828	0.0153656	0.0153484	0.0153312	0.015314	0.0152968	0.0152796	0.0152624	0.0152452	0.015228	0.0152108	0.0151936	0.0151764	0.0151592	0.015142	0.0151248	0.0151076	0.0150904	0.0150732	0.015056	0.0150388	0.0150216	0.0150044
IT_20	0.038338675	0.03819895	0.038059225	0.0379195	0.037779775	0.03764005	0.037500325	0.0373606	0.037220875	0.03708115	0.036941425	0.0368017	0.036661975	0.03652225	0.036382525	0.0362428	0.036103075	0.03596335	0.035823625	0.0356839	0.035544175	0.03540445	0.035264725	0.035125	0.034985275	0.03484555	0.034705825	0.0345661	0.034426375	0.03428665	0.034146925	0.0340072	0.033867475	0.03372775	0.033588025	0.0334483	0.033308575	0.03316885	0.033029125	0.0328894	0.032749675	0.03260995
IT_21	0.164047917	0.160935833	0.15782375	0.154711667	0.151599583	0.1484875	0.145375417	0.142263333	0.13915125	0.136039167	0.132927083	0.129815	0.126702917	0.123590833	0.12047875	0.117366667	0.114254583	0.1111425	0.108030417	0.104918333	0.10180625	0.098694167	0.095582083	0.09247	0.089357917	0.086245833	0.08313375	0.080021667	0.076909583	0.0737975	0.070685417	0.067573333	0.06446125	0.061349167	0.058237083	0.055125	0.052012917	0.048900833	0.04578875	0.042676667	0.039564583	0.0364525
IT_22	0.03992125	0.0398695	0.03981775	0.039766	0.03971425	0.0396625	0.03961075	0.039559	0.03950725	0.0394555	0.03940375	0.039352	0.03930025	0.0392485	0.03919675	0.039145	0.03909325	0.0390415	0.03898975	0.038938	0.03888625	0.0388345	0.03878275	0.038731	0.03867925	0.0386275	0.03857575	0.038524	0.03847225	0.0384205	0.03836875	0.038317	0.03826525	0.0382135	0.03816175	0.03811	0.03805825	0.0380065	0.03795475	0.037903	0.03785125	0.0377995
IT_23	0.0431483	0.0425002	0.0418521	0.041204	0.0405559	0.0399078	0.0392597	0.0386116	0.0379635	0.0373154	0.0366673	0.0360192	0.0353711	0.034723	0.0340749	0.0334268	0.0327787	0.0321306	0.0314825	0.0308344	0.0301863	0.0295382	0.0288901	0.028242	0.0275939	0.0269458	0.0262977	0.0256496	0.0250015	0.0243534	0.0237053	0.0230572	0.0224091	0.021761	0.0211129	0.0204648	0.0198167	0.0191686	0.0185205	0.0178724	0.0172243	0.0165762
IT_24	0.11180545	0.1097213	0.10763715	0.105553	0.10346885	0.1013847	0.09930055	0.0972164	0.09513225	0.0930481	0.09096395	0.0888798	0.08679565	0.0847115	0.08262735	0.0805432	0.07845905	0.0763749	0.07429075	0.0722066	0.07012245	0.0680383	0.06595415	0.06387	0.06178585	0.0597017	0.05761755	0.0555334	0.05344925	0.0513651	0.04928095	0.0471968	0.04511265	0.0430285	0.04094435	0.0388602	0.03677605	0.0346919	0.03260775	0.0305236	0.02843945	0.0263553
IT_25	0.224092	0.222964	0.221836	0.220708	0.21958	0.218452	0.217324	0.216196	0.215068	0.21394	0.212812	0.211684	0.210556	0.209428	0.2083	0.207172	0.206044	0.204916	0.203788	0.20266	0.201532	0.200404	0.199276	0.198148	0.19702	0.195892	0.194764	0.193636	0.192508	0.19138	0.190252	0.189124	0.187996	0.186868	0.18574	0.184612	0.183484	0.182356	0.181228	0.1801	0.178972	0.177844
IT_26	0.091085092	0.088848783	0.086612475	0.084376167	0.082139858	0.07990355	0.077667242	0.075430933	0.073194625	0.070958317	0.068722008	0.0664857	0.064249392	0.062013083	0.059776775	0.057540467	0.055304158	0.05306785	0.050831542	0.048595233	0.046358925	0.044122617	0.041886308	0.03965	0.037413692	0.035177383	0.032941075	0.030704767	0.028468458	0.02623215	0.023995842	0.021759533	0.019523225	0.017286917	0.015050608	0.0128143	0.010577992	0.008341683	0.006105375	0.003869067	0.001632758	-0.00060355
IT_27	4.07301965	4.0139801	3.95494055	3.895901	3.83686145	3.7778219	3.71878235	3.6597428	3.60070325	3.5416637	3.48262415	3.4235846	3.36454505	3.3055055	3.24646595	3.1874264	3.12838685	3.0693473	3.01030775	2.9512682	2.89222865	2.8331891	2.77414955	2.71511	2.65607045	2.5970309	2.53799135	2.4789518	2.41991225	2.3608727	2.30183315	2.2427936	2.18375405	2.1247145	2.06567495	2.0066354	1.94759585	1.8885563	1.82951675	1.7704772	1.71143765	1.6523981
IT_30	0.270763333	0.265060667	0.259358	0.253655333	0.247952667	0.24225	0.236547333	0.230844667	0.225142	0.219439333	0.213736667	0.208034	0.202331333	0.196628667	0.190926	0.185223333	0.179520667	0.173818	0.168115333	0.162412667	0.15671	0.151007333	0.145304667	0.139602	0.133899333	0.128196667	0.122494	0.116791333	0.111088667	0.105386	0.099683333	0.093980667	0.088278	0.082575333	0.076872667	0.07117	0.065467333	0.059764667	0.054062	0.048359333	0.042656667	0.036954
IT_31	0.343891692	0.335166183	0.326440675	0.317715167	0.308989658	0.30026415	0.291538642	0.282813133	0.274087625	0.265362117	0.256636608	0.2479111	0.239185592	0.230460083	0.221734575	0.213009067	0.204283558	0.19555805	0.186832542	0.178107033	0.169381525	0.160656017	0.151930508	0.143205	0.134479492	0.125753983	0.117028475	0.108302967	0.099577458	0.09085195	0.082126442	0.073400933	0.064675425	0.055949917	0.047224408	0.0384989	0.029773392	0.021047883	0.012322375	0.003596867	-0.005128642	-0.01385415
IT_32	0.203092883	0.199823367	0.19655385	0.193284333	0.190014817	0.1867453	0.183475783	0.180206267	0.17693675	0.173667233	0.170397717	0.1671282	0.163858683	0.160589167	0.15731965	0.154050133	0.150780617	0.1475111	0.144241583	0.140972067	0.13770255	0.134433033	0.131163517	0.127894	0.124624483	0.121354967	0.11808545	0.114815933	0.111546417	0.1082769	0.105007383	0.101737867	0.09846835	0.095198833	0.091929317	0.0886598	0.085390283	0.082120767	0.07885125	0.075581733	0.072312217	0.0690427
IT_33	0.029857083	0.029381167	0.02890525	0.028429333	0.027953417	0.0274775	0.027001583	0.026525667	0.02604975	0.025573833	0.025097917	0.024622	0.024146083	0.023670167	0.02319425	0.022718333	0.022242417	0.0217665	0.021290583	0.020814667	0.02033875	0.019862833	0.019386917	0.018911	0.018435083	0.017959167	0.01748325	0.017007333	0.016531417	0.0160555	0.015579583	0.015103667	0.01462775	0.014151833	0.013675917	0.0132	0.012724083	0.012248167	0.01177225	0.011296333	0.010820417	0.0103445
IT_34	0.013220833	0.013131667	0.0130425	0.012953333	0.012864167	0.012775	0.012685833	0.012596667	0.0125075	0.012418333	0.012329167	0.01224	0.012150833	0.012061667	0.0119725	0.011883333	0.011794167	0.011705	0.011615833	0.011526667	0.0114375	0.011348333	0.011259167	0.01117	0.011080833	0.010991667	0.0109025	0.010813333	0.010724167	0.010635	0.010545833	0.010456667	0.0103675	0.010278333	0.010189167	0.0101	0.010010833	0.009921667	0.0098325	0.009743333	0.009654167	0.009565
IT_35	0.091875708	0.091272417	0.090669125	0.090065833	0.089462542	0.08885925	0.088255958	0.087652667	0.087049375	0.086446083	0.085842792	0.0852395	0.084636208	0.084032917	0.083429625	0.082826333	0.082223042	0.08161975	0.081016458	0.080413167	0.079809875	0.079206583	0.078603292	0.078	0.077396708	0.076793417	0.076190125	0.075586833	0.074983542	0.07438025	0.073776958	0.073173667	0.072570375	0.071967083	0.071363792	0.0707605	0.070157208	0.069553917	0.068950625	0.068347333	0.067744042	0.06714075
IT_36	0.1790946	0.1763594	0.1736242	0.170889	0.1681538	0.1654186	0.1626834	0.1599482	0.157213	0.1544778	0.1517426	0.1490074	0.1462722	0.143537	0.1408018	0.1380666	0.1353314	0.1325962	0.129861	0.1271258	0.1243906	0.1216554	0.1189202	0.116185	0.1134498	0.1107146	0.1079794	0.1052442	0.102509	0.0997738	0.0970386	0.0943034	0.0915682	0.088833	0.0860978	0.0833626	0.0806274	0.0778922	0.075157	0.0724218	0.0696866	0.0669514
IT_37	0.033091517	0.032749233	0.03240695	0.032064667	0.031722383	0.0313801	0.031037817	0.030695533	0.03035325	0.030010967	0.029668683	0.0293264	0.028984117	0.028641833	0.02829955	0.027957267	0.027614983	0.0272727	0.026930417	0.026588133	0.02624585	0.025903567	0.025561283	0.025219	0.024876717	0.024534433	0.02419215	0.023849867	0.023507583	0.0231653	0.022823017	0.022480733	0.02213845	0.021796167	0.021453883	0.0211116	0.020769317	0.020427033	0.02008475	0.019742467	0.019400183	0.0190579
IT_38	0.100092517	0.098310233	0.09652795	0.094745667	0.092963383	0.0911811	0.089398817	0.087616533	0.08583425	0.084051967	0.082269683	0.0804874	0.078705117	0.076922833	0.07514055	0.073358267	0.071575983	0.0697937	0.068011417	0.066229133	0.06444685	0.062664567	0.060882283	0.0591	0.057317717	0.055535433	0.05375315	0.051970867	0.050188583	0.0484063	0.046624017	0.044841733	0.04305945	0.041277167	0.039494883	0.0377126	0.035930317	0.034148033	0.03236575	0.030583467	0.028801183	0.0270189
IT_39	0.033695833	0.033081667	0.0324675	0.031853333	0.031239167	0.030625	0.030010833	0.029396667	0.0287825	0.028168333	0.027554167	0.02694	0.026325833	0.025711667	0.0250975	0.024483333	0.023869167	0.023255	0.022640833	0.022026667	0.0214125	0.020798333	0.020184167	0.01957	0.018955833	0.018341667	0.0177275	0.017113333	0.016499167	0.015885	0.015270833	0.014656667	0.0140425	0.013428333	0.012814167	0.0122	0.011585833	0.010971667	0.0103575	0.009743333	0.009129167	0.008515
IT_40	0.39972375	0.3921345	0.38454525	0.376956	0.36936675	0.3617775	0.35418825	0.346599	0.33900975	0.3314205	0.32383125	0.316242	0.30865275	0.3010635	0.29347425	0.285885	0.27829575	0.2707065	0.26311725	0.255528	0.24793875	0.2403495	0.23276025	0.225171	0.21758175	0.2099925	0.20240325	0.194814	0.18722475	0.1796355	0.17204625	0.164457	0.15686775	0.1492785	0.14168925	0.1341	0.12651075	0.1189215	0.11133225	0.103743	0.09615375	0.0885645
IT_41	0.278400833	0.272483667	0.2665665	0.260649333	0.254732167	0.248815	0.242897833	0.236980667	0.2310635	0.225146333	0.219229167	0.213312	0.207394833	0.201477667	0.1955605	0.189643333	0.183726167	0.177809	0.171891833	0.165974667	0.1600575	0.154140333	0.148223167	0.142306	0.136388833	0.130471667	0.1245545	0.118637333	0.112720167	0.106803	0.100885833	0.094968667	0.0890515	0.083134333	0.077217167	0.0713	0.065382833	0.059465667	0.0535485	0.047631333	0.041714167	0.035797
IT_42	0.577168583	0.568958167	0.56074775	0.552537333	0.544326917	0.5361165	0.527906083	0.519695667	0.51148525	0.503274833	0.495064417	0.486854	0.478643583	0.470433167	0.46222275	0.454012333	0.445801917	0.4375915	0.429381083	0.421170667	0.41296025	0.404749833	0.396539417	0.388329	0.380118583	0.371908167	0.36369775	0.355487333	0.347276917	0.3390665	0.330856083	0.322645667	0.31443525	0.306224833	0.298014417	0.289804	0.281593583	0.273383167	0.26517275	0.256962333	0.248751917	0.2405415
IT_43	0.019695833	0.019661667	0.0196275	0.019593333	0.019559167	0.019525	0.019490833	0.019456667	0.0194225	0.019388333	0.019354167	0.01932	0.019285833	0.019251667	0.0192175	0.019183333	0.019149167	0.019115	0.019080833	0.019046667	0.0190125	0.018978333	0.018944167	0.01891	0.018875833	0.018841667	0.0188075	0.018773333	0.018739167	0.018705	0.018670833	0.018636667	0.0186025	0.018568333	0.018534167	0.0185	0.018465833	0.018431667	0.0183975	0.018363333	0.018329167	0.018295
IT_44	0.299229417	0.297706833	0.29618425	0.294661667	0.293139083	0.2916165	0.290093917	0.288571333	0.28704875	0.285526167	0.284003583	0.282481	0.280958417	0.279435833	0.27791325	0.276390667	0.274868083	0.2733455	0.271822917	0.270300333	0.26877775	0.267255167	0.265732583	0.26421	0.262687417	0.261164833	0.25964225	0.258119667	0.256597083	0.2550745	0.253551917	0.252029333	0.25050675	0.248984167	0.247461583	0.245939	0.244416417	0.242893833	0.24137125	0.239848667	0.238326083	0.2368035
IT_45	0.064114583	0.062714167	0.06131375	0.059913333	0.058512917	0.0571125	0.055712083	0.054311667	0.05291125	0.051510833	0.050110417	0.04871	0.047309583	0.045909167	0.04450875	0.043108333	0.041707917	0.0403075	0.038907083	0.037506667	0.03610625	0.034705833	0.033305417	0.031905	0.030504583	0.029104167	0.02770375	0.026303333	0.024902917	0.0235025	0.022102083	0.020701667	0.01930125	0.017900833	0.016500417	0.0151	0.013699583	0.012299167	0.01089875	0.009498333	0.008097917	0.0066975
IT_46	0.50614	0.497016	0.487892	0.478768	0.469644	0.46052	0.451396	0.442272	0.433148	0.424024	0.4149	0.405776	0.396652	0.387528	0.378404	0.36928	0.360156	0.351032	0.341908	0.332784	0.32366	0.314536	0.305412	0.296288	0.287164	0.27804	0.268916	0.259792	0.250668	0.241544	0.23242	0.223296	0.214172	0.205048	0.195924	0.1868	0.177676	0.168552	0.159428	0.150304	0.14118	0.132056
IT_47	0.52957025	0.5209935	0.51241675	0.50384	0.49526325	0.4866865	0.47810975	0.469533	0.46095625	0.4523795	0.44380275	0.435226	0.42664925	0.4180725	0.40949575	0.400919	0.39234225	0.3837655	0.37518875	0.366612	0.35803525	0.3494585	0.34088175	0.332305	0.32372825	0.3151515	0.30657475	0.297998	0.28942125	0.2808445	0.27226775	0.263691	0.25511425	0.2465375	0.23796075	0.229384	0.22080725	0.2122305	0.20365375	0.195077	0.18650025	0.1779235
IT_49	0.14544375	0.1422525	0.13906125	0.13587	0.13267875	0.1294875	0.12629625	0.123105	0.11991375	0.1167225	0.11353125	0.11034	0.10714875	0.1039575	0.10076625	0.097575	0.09438375	0.0911925	0.08800125	0.08481	0.08161875	0.0784275	0.07523625	0.072045	0.06885375	0.0656625	0.06247125	0.05928	0.05608875	0.0528975	0.04970625	0.046515	0.04332375	0.0401325	0.03694125	0.03375	0.03055875	0.0273675	0.02417625	0.020985	0.01779375	0.0146025
IT_50	0.114581625	0.11242025	0.110258875	0.1080975	0.105936125	0.10377475	0.101613375	0.099452	0.097290625	0.09512925	0.092967875	0.0908065	0.088645125	0.08648375	0.084322375	0.082161	0.079999625	0.07783825	0.075676875	0.0735155	0.071354125	0.06919275	0.067031375	0.06487	0.062708625	0.06054725	0.058385875	0.0562245	0.054063125	0.05190175	0.049740375	0.047579	0.045417625	0.04325625	0.041094875	0.0389335	0.036772125	0.03461075	0.032449375	0.030288	0.028126625	0.02596525
IT_51	5.792299267	5.788179733	5.7840602	5.779940667	5.775821133	5.7717016	5.767582067	5.763462533	5.759343	5.755223467	5.751103933	5.7469844	5.742864867	5.738745333	5.7346258	5.730506267	5.726386733	5.7222672	5.718147667	5.714028133	5.7099086	5.705789067	5.701669533	5.69755	5.693430467	5.689310933	5.6851914	5.681071867	5.676952333	5.6728328	5.668713267	5.664593733	5.6604742	5.656354667	5.652235133	5.6481156	5.643996067	5.639876533	5.635757	5.631637467	5.627517933	5.6233984
IT_52	0.584296	0.583944	0.583592	0.58324	0.582888	0.582536	0.582184	0.581832	0.58148	0.581128	0.580776	0.580424	0.580072	0.57972	0.579368	0.579016	0.578664	0.578312	0.57796	0.577608	0.577256	0.576904	0.576552	0.5762	0.575848	0.575496	0.575144	0.574792	0.57444	0.574088	0.573736	0.573384	0.573032	0.57268	0.572328	0.571976	0.571624	0.571272	0.57092	0.570568	0.570216	0.569864
IT_54	1.812026667	1.793273333	1.77452	1.755766667	1.737013333	1.71826	1.699506667	1.680753333	1.662	1.643246667	1.624493333	1.60574	1.586986667	1.568233333	1.54948	1.530726667	1.511973333	1.49322	1.474466667	1.455713333	1.43696	1.418206667	1.399453333	1.3807	1.361946667	1.343193333	1.32444	1.305686667	1.286933333	1.26818	1.249426667	1.230673333	1.21192	1.193166667	1.174413333	1.15566	1.136906667	1.118153333	1.0994	1.080646667	1.061893333	1.04314
IT_55	0.292842408	0.286190217	0.279538025	0.272885833	0.266233642	0.25958145	0.252929258	0.246277067	0.239624875	0.232972683	0.226320492	0.2196683	0.213016108	0.206363917	0.199711725	0.193059533	0.186407342	0.17975515	0.173102958	0.166450767	0.159798575	0.153146383	0.146494192	0.139842	0.133189808	0.126537617	0.119885425	0.113233233	0.106581042	0.09992885	0.093276658	0.086624467	0.079972275	0.073320083	0.066667892	0.0600157	0.053363508	0.046711317	0.040059125	0.033406933	0.026754742	0.02010255
AT_01	0.081266667	0.079573333	0.07788	0.076186667	0.074493333	0.0728	0.071106667	0.069413333	0.06772	0.066026667	0.064333333	0.06264	0.060946667	0.059253333	0.05756	0.055866667	0.054173333	0.05248	0.050786667	0.049093333	0.0474	0.045706667	0.044013333	0.04232	0.040626667	0.038933333	0.03724	0.035546667	0.033853333	0.03216	0.030466667	0.028773333	0.02708	0.025386667	0.023693333	0.022	0.020306667	0.018613333	0.01692	0.015226667	0.013533333	0.01184
AT_02	0.092207992	0.090587383	0.088966775	0.087346167	0.085725558	0.08410495	0.082484342	0.080863733	0.079243125	0.077622517	0.076001908	0.0743813	0.072760692	0.071140083	0.069519475	0.067898867	0.066278258	0.06465765	0.063037042	0.061416433	0.059795825	0.058175217	0.056554608	0.054934	0.053313392	0.051692783	0.050072175	0.048451567	0.046830958	0.04521035	0.043589742	0.041969133	0.040348525	0.038727917	0.037107308	0.0354867	0.033866092	0.032245483	0.030624875	0.029004267	0.027383658	0.02576305
AT_03	2.7446125	2.727645	2.7106775	2.69371	2.6767425	2.659775	2.6428075	2.62584	2.6088725	2.591905	2.5749375	2.55797	2.5410025	2.524035	2.5070675	2.4901	2.4731325	2.456165	2.4391975	2.42223	2.4052625	2.388295	2.3713275	2.35436	2.3373925	2.320425	2.3034575	2.28649	2.2695225	2.252555	2.2355875	2.21862	2.2016525	2.184685	2.1677175	2.15075	2.1337825	2.116815	2.0998475	2.08288	2.0659125	2.048945
AT_04	0.515675083	0.510427167	0.50517925	0.499931333	0.494683417	0.4894355	0.484187583	0.478939667	0.47369175	0.468443833	0.463195917	0.457948	0.452700083	0.447452167	0.44220425	0.436956333	0.431708417	0.4264605	0.421212583	0.415964667	0.41071675	0.405468833	0.400220917	0.394973	0.389725083	0.384477167	0.37922925	0.373981333	0.368733417	0.3634855	0.358237583	0.352989667	0.34774175	0.342493833	0.337245917	0.331998	0.326750083	0.321502167	0.31625425	0.311006333	0.305758417	0.3005105
AT_05	0.709076417	0.698660833	0.68824525	0.677829667	0.667414083	0.6569985	0.646582917	0.636167333	0.62575175	0.615336167	0.604920583	0.594505	0.584089417	0.573673833	0.56325825	0.552842667	0.542427083	0.5320115	0.521595917	0.511180333	0.50076475	0.490349167	0.479933583	0.469518	0.459102417	0.448686833	0.43827125	0.427855667	0.417440083	0.4070245	0.396608917	0.386193333	0.37577775	0.365362167	0.354946583	0.344531	0.334115417	0.323699833	0.31328425	0.302868667	0.292453083	0.2820375
AT_06	0.507029833	0.502957667	0.4988855	0.494813333	0.490741167	0.486669	0.482596833	0.478524667	0.4744525	0.470380333	0.466308167	0.462236	0.458163833	0.454091667	0.4500195	0.445947333	0.441875167	0.437803	0.433730833	0.429658667	0.4255865	0.421514333	0.417442167	0.41337	0.409297833	0.405225667	0.4011535	0.397081333	0.393009167	0.388937	0.384864833	0.380792667	0.3767205	0.372648333	0.368576167	0.364504	0.360431833	0.356359667	0.3522875	0.348215333	0.344143167	0.340071
AT_07	0.1726185	0.170359	0.1680995	0.16584	0.1635805	0.161321	0.1590615	0.156802	0.1545425	0.152283	0.1500235	0.147764	0.1455045	0.143245	0.1409855	0.138726	0.1364665	0.134207	0.1319475	0.129688	0.1274285	0.125169	0.1229095	0.12065	0.1183905	0.116131	0.1138715	0.111612	0.1093525	0.107093	0.1048335	0.102574	0.1003145	0.098055	0.0957955	0.093536	0.0912765	0.089017	0.0867575	0.084498	0.0822385	0.079979
AT_08	0.535690583	0.535543167	0.53539575	0.535248333	0.535100917	0.5349535	0.534806083	0.534658667	0.53451125	0.534363833	0.534216417	0.534069	0.533921583	0.533774167	0.53362675	0.533479333	0.533331917	0.5331845	0.533037083	0.532889667	0.53274225	0.532594833	0.532447417	0.5323	0.532152583	0.532005167	0.53185775	0.531710333	0.531562917	0.5314155	0.531268083	0.531120667	0.53097325	0.530825833	0.530678417	0.530531	0.530383583	0.530236167	0.53008875	0.529941333	0.529793917	0.5296465
AT_09	2.483268667	2.448201333	2.413134	2.378066667	2.342999333	2.307932	2.272864667	2.237797333	2.20273	2.167662667	2.132595333	2.097528	2.062460667	2.027393333	1.992326	1.957258667	1.922191333	1.887124	1.852056667	1.816989333	1.781922	1.746854667	1.711787333	1.67672	1.641652667	1.606585333	1.571518	1.536450667	1.501383333	1.466316	1.431248667	1.396181333	1.361114	1.326046667	1.290979333	1.255912	1.220844667	1.185777333	1.15071	1.115642667	1.080575333	1.045508
AT_12	0.461579333	0.456136667	0.450694	0.445251333	0.439808667	0.434366	0.428923333	0.423480667	0.418038	0.412595333	0.407152667	0.40171	0.396267333	0.390824667	0.385382	0.379939333	0.374496667	0.369054	0.363611333	0.358168667	0.352726	0.347283333	0.341840667	0.336398	0.330955333	0.325512667	0.32007	0.314627333	0.309184667	0.303742	0.298299333	0.292856667	0.287414	0.281971333	0.276528667	0.271086	0.265643333	0.260200667	0.254758	0.249315333	0.243872667	0.23843
AT_13	2.46810425	2.4118045	2.35550475	2.299205	2.24290525	2.1866055	2.13030575	2.074006	2.01770625	1.9614065	1.90510675	1.848807	1.79250725	1.7362075	1.67990775	1.623608	1.56730825	1.5110085	1.45470875	1.398409	1.34210925	1.2858095	1.22950975	1.17321	1.11691025	1.0606105	1.00431075	0.948011	0.89171125	0.8354115	0.77911175	0.722812	0.66651225	0.6102125	0.55391275	0.497613	0.44131325	0.3850135	0.32871375	0.272414	0.21611425	0.1598145
AT_14	0.046247708	0.045333417	0.044419125	0.043504833	0.042590542	0.04167625	0.040761958	0.039847667	0.038933375	0.038019083	0.037104792	0.0361905	0.035276208	0.034361917	0.033447625	0.032533333	0.031619042	0.03070475	0.029790458	0.028876167	0.027961875	0.027047583	0.026133292	0.025219	0.024304708	0.023390417	0.022476125	0.021561833	0.020647542	0.01973325	0.018818958	0.017904667	0.016990375	0.016076083	0.015161792	0.0142475	0.013333208	0.012418917	0.011504625	0.010590333	0.009676042	0.00876175
AT_15	0.0742075	0.072704	0.0712005	0.069697	0.0681935	0.06669	0.0651865	0.063683	0.0621795	0.060676	0.0591725	0.057669	0.0561655	0.054662	0.0531585	0.051655	0.0501515	0.048648	0.0471445	0.045641	0.0441375	0.042634	0.0411305	0.039627	0.0381235	0.03662	0.0351165	0.033613	0.0321095	0.030606	0.0291025	0.027599	0.0260955	0.024592	0.0230885	0.021585	0.0200815	0.018578	0.0170745	0.015571	0.0140675	0.012564
AT_16	0.124105067	0.122250933	0.1203968	0.118542667	0.116688533	0.1148344	0.112980267	0.111126133	0.109272	0.107417867	0.105563733	0.1037096	0.101855467	0.100001333	0.0981472	0.096293067	0.094438933	0.0925848	0.090730667	0.088876533	0.0870224	0.085168267	0.083314133	0.08146	0.079605867	0.077751733	0.0758976	0.074043467	0.072189333	0.0703352	0.068481067	0.066626933	0.0647728	0.062918667	0.061064533	0.0592104	0.057356267	0.055502133	0.053648	0.051793867	0.049939733	0.0480856
AT_17	0.065463725	0.06435965	0.063255575	0.0621515	0.061047425	0.05994335	0.058839275	0.0577352	0.056631125	0.05552705	0.054422975	0.0533189	0.052214825	0.05111075	0.050006675	0.0489026	0.047798525	0.04669445	0.045590375	0.0444863	0.043382225	0.04227815	0.041174075	0.04007	0.038965925	0.03786185	0.036757775	0.0356537	0.034549625	0.03344555	0.032341475	0.0312374	0.030133325	0.02902925	0.027925175	0.0268211	0.025717025	0.02461295	0.023508875	0.0224048	0.021300725	0.02019665
AT_18	0.109325775	0.10789335	0.106460925	0.1050285	0.103596075	0.10216365	0.100731225	0.0992988	0.097866375	0.09643395	0.095001525	0.0935691	0.092136675	0.09070425	0.089271825	0.0878394	0.086406975	0.08497455	0.083542125	0.0821097	0.080677275	0.07924485	0.077812425	0.07638	0.074947575	0.07351515	0.072082725	0.0706503	0.069217875	0.06778545	0.066353025	0.0649206	0.063488175	0.06205575	0.060623325	0.0591909	0.057758475	0.05632605	0.054893625	0.0534612	0.052028775	0.05059635
AT_19	0.16870195	0.1654633	0.16222465	0.158986	0.15574735	0.1525087	0.14927005	0.1460314	0.14279275	0.1395541	0.13631545	0.1330768	0.12983815	0.1265995	0.12336085	0.1201222	0.11688355	0.1136449	0.11040625	0.1071676	0.10392895	0.1006903	0.09745165	0.094213	0.09097435	0.0877357	0.08449705	0.0812584	0.07801975	0.0747811	0.07154245	0.0683038	0.06506515	0.0618265	0.05858785	0.0553492	0.05211055	0.0488719	0.04563325	0.0423946	0.03915595	0.0359173
AT_20	0.52085875	0.5144175	0.50797625	0.501535	0.49509375	0.4886525	0.48221125	0.47577	0.46932875	0.4628875	0.45644625	0.450005	0.44356375	0.4371225	0.43068125	0.42424	0.41779875	0.4113575	0.40491625	0.398475	0.39203375	0.3855925	0.37915125	0.37271	0.36626875	0.3598275	0.35338625	0.346945	0.34050375	0.3340625	0.32762125	0.32118	0.31473875	0.3082975	0.30185625	0.295415	0.28897375	0.2825325	0.27609125	0.26965	0.26320875	0.2567675
AT_21	0.324724333	0.317614667	0.310505	0.303395333	0.296285667	0.289176	0.282066333	0.274956667	0.267847	0.260737333	0.253627667	0.246518	0.239408333	0.232298667	0.225189	0.218079333	0.210969667	0.20386	0.196750333	0.189640667	0.182531	0.175421333	0.168311667	0.161202	0.154092333	0.146982667	0.139873	0.132763333	0.125653667	0.118544	0.111434333	0.104324667	0.097215	0.090105333	0.082995667	0.075886	0.068776333	0.061666667	0.054557	0.047447333	0.040337667	0.033228
AT_22	0.345164125	0.33724425	0.329324375	0.3214045	0.313484625	0.30556475	0.297644875	0.289725	0.281805125	0.27388525	0.265965375	0.2580455	0.250125625	0.24220575	0.234285875	0.226366	0.218446125	0.21052625	0.202606375	0.1946865	0.186766625	0.17884675	0.170926875	0.163007	0.155087125	0.14716725	0.139247375	0.1313275	0.123407625	0.11548775	0.107567875	0.099648	0.091728125	0.08380825	0.075888375	0.0679685	0.060048625	0.05212875	0.044208875	0.036289	0.028369125	0.02044925
AT_24	0.326876758	0.319172117	0.311467475	0.303762833	0.296058192	0.28835355	0.280648908	0.272944267	0.265239625	0.257534983	0.249830342	0.2421257	0.234421058	0.226716417	0.219011775	0.211307133	0.203602492	0.19589785	0.188193208	0.180488567	0.172783925	0.165079283	0.157374642	0.14967	0.141965358	0.134260717	0.126556075	0.118851433	0.111146792	0.10344215	0.095737508	0.088032867	0.080328225	0.072623583	0.064918942	0.0572143	0.049509658	0.041805017	0.034100375	0.026395733	0.018691092	0.01098645
AT_25	0.029354525	0.02908085	0.028807175	0.0285335	0.028259825	0.02798615	0.027712475	0.0274388	0.027165125	0.02689145	0.026617775	0.0263441	0.026070425	0.02579675	0.025523075	0.0252494	0.024975725	0.02470205	0.024428375	0.0241547	0.023881025	0.02360735	0.023333675	0.02306	0.022786325	0.02251265	0.022238975	0.0219653	0.021691625	0.02141795	0.021144275	0.0208706	0.020596925	0.02032325	0.020049575	0.0197759	0.019502225	0.01922855	0.018954875	0.0186812	0.018407525	0.01813385
AT_26	0.264625417	0.263747833	0.26287025	0.261992667	0.261115083	0.2602375	0.259359917	0.258482333	0.25760475	0.256727167	0.255849583	0.254972	0.254094417	0.253216833	0.25233925	0.251461667	0.250584083	0.2497065	0.248828917	0.247951333	0.24707375	0.246196167	0.245318583	0.244441	0.243563417	0.242685833	0.24180825	0.240930667	0.240053083	0.2391755	0.238297917	0.237420333	0.23654275	0.235665167	0.234787583	0.23391	0.233032417	0.232154833	0.23127725	0.230399667	0.229522083	0.2286445
